000000000000000000000000000
000000000000000000000000000
000000000000000000000000000
000011111000000000000000000
000000000000000000000000000
000000000000000000000000000
000000000000000000000000000
000000000000000000000000000
000000000000000000000000000
000000000000000000000000000
000000000000000000000000000000000000000000000000000000
000000000000000000000000000
000000000000000000000000000
000000000000000000000000000
000000000000000222200000000
000000000000000200000000000
000000000000000000000000000
000000000000000000000000000

